34
45
31
42
46
19
12
49
37
21
39
45
41
9
22
46
30
6
39
9
48
29
20
15
32
32
32
17
9
45
40
30
34
26
39
26
28
6
30
14
25
37
38
11
32
8
23
33
30
17
44
45
13
47
2
34
50
43
23
44
18
23
27
21
31
31
35
46
33
32
18
33
30
36
24
18
50
37
14
17
38
34
25
37
26
42
46
33
33
29
10
2
18
3
36
30
27
39
49
19
25
20
11
29
47
6
4
39
44
18
49
43
33
18
28
29
18
44
22
20
5
37
49
34
14
9
1
24
39
4
47
38
5
44
21
42
18
33
43
8
13
2
18
38
12
18
17
47
22
30
2
9
49
46
42
31
46
47
22
27
36
49
23
28
11
25
23
48
7
8
43
10
47
48
18
16
14
28
50
15
47
47
41
14
22
17
12
22
39
20
10
11
49
35
36
34
41
31
1
25
7
29
21
8
34
4
12
43
49
49
11
46
49
49
27
21
29
23
23
36
9
24
43
29
36
27
47
26
29
25
17
27
32
28
32
24
31
17
20
27
20
42
16
28
19
3
32
18
39
38
34
34
21
26
14
7
33
47
28
30
46
31
40
20
45
39
40
16
7
11
5
22
16
23
17
34
21
50
46
18
4
13
46
31
44
8
28
37
42
1
30
46
23
46
39
49
35
30
33
31
